# Calibration waypoints (left_j0..j7 right_j0..j7)
0.108148 0.003624 -0.412947 1.979667 0.062371 -0.119974 0.309567 -0.028420 -0.107385 0.064660 0.322919 1.722171 1.571489 -0.153544 0.065805 -1.045052
-0.526627 0.006294 -0.324063 2.031167 0.139429 -0.317197 0.989357 -0.028420 0.401884 0.064660 0.322919 1.905661 1.255245 -0.789845 -0.237850 -1.045052
-0.867666 0.006676 -0.323682 2.031167 0.294308 -0.662051 1.259823 -0.028420 0.734913 0.064660 0.322919 1.981956 0.669299 -0.790608 -0.841344 -1.044671
-1.147288 0.008583 -0.085260 2.000267 0.238613 -0.766957 1.332303 -0.028420 1.152628 0.065042 0.227932 1.961357 0.198177 -0.658618 -1.376173 -1.043526
-1.584459 0.011254 0.048257 1.503586 0.328641 -0.767720 1.398299 -0.028420 1.670291 0.064660 0.132944 1.444076 0.040627 -0.550278 -1.547837 -1.043526
-1.425002 0.011635 -0.053597 1.299115 0.717365 -0.741398 0.716220 -0.028420 1.361295 -0.004768 0.125696 1.217098 0.288205 -0.382048 -0.869192 -1.044671
-1.432250 0.010872 -0.049783 1.301022 0.393492 -0.078775 0.990883 -0.028420 1.119059 -0.001717 0.147059 1.219387 0.848211 -0.494965 -0.398070 -1.044671
-0.850500 0.006294 -0.082971 1.305600 0.373274 -0.078393 0.506790 -0.028420 0.792515 0.000954 0.152781 1.264401 0.935187 -0.209239 -0.301175 -1.045052
-0.274090 -0.147059 -0.503357 1.306363 0.184443 -0.337797 -0.293164 -0.028420 0.183680 0.244717 0.270657 1.264782 1.638628 0.261501 -0.422484 -1.045052
0.287442 0.025368 -0.503738 1.306744 0.155451 -0.341230 -0.646410 -0.028420 -0.321393 0.144770 0.270657 1.264782 1.770237 0.575456 -0.256542 -1.045052
0.278668 0.072290 -0.503357 0.882925 0.238231 -0.111963 -1.259823 -0.028420 -0.248913 0.097467 0.296979 0.897803 1.896887 0.785649 -0.208095 -1.045052
0.256924 0.072671 -0.502594 1.089685 1.412413 0.744831 -0.961128 -0.028420 -0.249294 0.230983 0.296979 1.135080 -0.122644 0.269894 0.811208 -1.045052
0.207332 0.072671 -0.403029 1.587892 1.469635 0.465972 -0.899710 -0.028420 -0.249676 0.230602 0.296979 1.642824 0.161173 0.345045 0.353437 -1.045052
0.124552 0.073053 -0.403029 1.945335 1.548600 0.047112 -0.898184 -0.028420 -0.249294 0.230602 0.296979 2.071984 0.348096 0.340085 -0.153162 -1.045434
-0.319486 0.073053 -0.390059 2.225719 1.581788 -0.577745 -0.894369 -0.028420 0.266842 0.230983 0.296979 2.322614 0.518616 0.217250 -0.887503 -1.045052
-0.749027 0.073053 -0.245861 1.819829 1.791218 -0.772297 -0.756275 -0.028420 0.922980 0.227932 0.088693 1.609636 0.489624 0.238231 -0.996223 -1.045052
-0.749027 0.072671 -0.245098 1.819829 1.791218 -0.770390 -0.498016 -0.028420 0.923362 0.227932 0.088693 1.609636 0.403410 -0.081445 -0.958076 -1.045052
-0.656710 0.072671 -0.245098 1.819829 0.776493 -0.768864 0.232128 -0.028420 0.922599 0.227932 0.088693 1.609636 0.621233 -0.400359 -0.956550 -1.045052
-0.654040 0.072671 -0.245098 1.820974 0.344282 -0.052453 0.751316 -0.028420 0.807012 0.225643 0.088693 1.609636 1.073663 -0.789845 -0.578508 -1.045052
-0.654040 0.072671 -0.244335 1.820974 0.423629 0.037194 1.147288 -0.028420 0.658618 0.200465 0.088693 1.609636 1.718357 -0.706683 0.155070 -1.045434
-0.020027 0.072671 -0.010872 1.822118 0.474365 0.208476 0.360685 -0.765812 0.017357 0.200084 0.087167 1.714542 0.244335 0.231746 0.093271 -1.045434
-0.020027 0.072671 -0.010872 1.822118 0.646410 0.418669 0.361830 -0.765812 0.017357 0.200465 0.087167 1.714542 0.244335 0.231746 -0.325208 -1.045434
-0.020027 0.073053 -0.010872 1.822118 0.171473 0.000954 0.058175 -0.766194 0.017357 0.200465 0.087167 1.714923 0.247005 0.231746 0.178721 -1.045434
-0.019646 0.072671 -0.010872 1.822118 0.329023 0.547990 0.074197 -0.765812 0.017357 0.200465 0.087167 1.714923 0.238994 -0.218395 -0.078393 -1.045434
-0.019646 0.073053 -0.010872 1.822118 0.140192 -0.078775 0.074197 -0.765812 0.017357 0.200465 0.087167 1.714923 0.201228 0.341611 -0.157359 -1.045434
0.863851 0.072671 -0.351911 1.935798 -0.180629 0.002480 -0.665484 -0.766194 -0.667391 0.200465 0.165751 1.871710 0.153162 0.199321 0.439269 -1.045434
1.083581 0.072671 -0.428206 1.935798 -0.121118 -0.359159 -0.847448 -0.766194 -1.091211 0.200465 0.367170 1.872091 0.130655 0.198177 1.022545 -1.045052
1.324674 0.073053 -0.428206 1.805715 -0.210765 -0.261883 -1.312467 -0.766194 -1.360151 0.200084 0.367170 1.584459 0.235180 0.427062 1.474975 -1.045434
0.295453 -0.037957 0.036049 1.814488 -0.010491 0.341230 -0.293927 -0.766194 -0.118830 -0.021172 0.023461 1.769093 -0.062371 0.055886 0.153925 -1.045434
