# Calibration waypoints (left_j0..j7 right_j0..j7)
0.891318 -0.002480 -0.692950 2.102884 -1.868658 -0.163844 0.546845 -0.020027 -0.016594 0.004005 0.002098 1.544022 -0.002861 -0.000572 -0.013542 -0.023842
0.891318 -0.002098 -0.692950 2.123484 -2.071221 -0.419051 0.552567 -0.020027 -0.016594 0.004005 0.002098 1.544022 -0.002861 -0.000954 -0.013542 -0.023842
0.160410 -0.581941 -0.472457 2.151331 -2.052148 0.539979 -0.079538 -0.019646 -0.016594 0.004005 0.002098 1.544022 -0.002861 -0.001335 -0.013542 -0.023842
0.156977 -0.850881 -0.937858 1.937324 -1.846151 0.419051 0.838293 -0.019646 -0.016213 0.004005 0.002098 1.544022 -0.002861 -0.001335 -0.013542 -0.023842
0.323301 -0.504120 -1.170939 1.396010 -1.949912 -0.086023 1.329633 -0.019265 -0.016594 0.004005 0.002098 1.544022 -0.002861 -0.001335 -0.013161 -0.023842
0.691424 -0.202373 -1.171702 1.395628 -1.811818 -0.160410 1.308652 -0.019265 -0.016594 0.004005 0.002098 1.544022 -0.002861 -0.001335 -0.013161 -0.023842
0.142863 0.000191 -1.154536 1.395628 -1.174372 -0.201610 1.037041 -0.019265 -0.016594 0.004005 0.002098 1.544022 -0.002861 -0.001335 -0.013161 -0.023842
0.442321 0.165751 0.002861 1.638247 0.195506 0.239376 0.076486 -0.018883 -0.016594 0.004005 0.002098 1.544022 -0.002861 -0.002098 -0.013161 -0.023842
0.439651 0.165751 0.002861 1.638247 0.191310 0.138285 -0.465209 -0.019265 -0.016594 0.004005 0.002098 1.544022 -0.002861 -0.002098 -0.013161 -0.023842
0.438125 0.165751 0.002480 2.371061 -0.029564 -0.110437 0.345808 -0.019265 -0.016594 0.004005 0.002098 1.544022 -0.002861 -0.002098 -0.013161 -0.023842
-0.123026 0.165751 0.002861 2.453841 0.171092 0.028801 0.934424 -0.018883 -0.016594 0.004005 0.002098 1.544022 -0.002861 -0.002480 -0.012779 -0.023842
0.905051 0.165751 -1.078241 2.030022 1.058785 0.045968 -0.971046 -0.019265 -0.016594 0.004005 0.002098 1.544022 -0.002861 -0.002480 -0.012398 -0.023842
0.905051 0.165751 -1.078241 2.030022 0.715076 0.270275 -1.097696 -0.019265 -0.016594 0.004005 0.002098 1.544022 -0.002861 -0.002480 -0.012398 -0.023842
0.736057 0.165751 -0.836385 2.030022 1.516175 -0.148203 -0.709354 -0.019265 -0.016213 0.004005 0.002098 1.544022 -0.002861 -0.002480 -0.012779 -0.023842
0.341993 0.165751 -0.834478 1.506638 1.702335 0.168803 -0.712024 -0.019265 -0.016594 0.004005 0.002098 1.544022 -0.002861 -0.002098 -0.012779 -0.023842
0.342756 0.165751 -0.834478 1.506638 1.463531 -0.105859 -0.495346 -0.019265 -0.016594 0.004005 0.002098 1.544022 -0.002861 -0.002480 -0.012779 -0.023842
0.342756 0.165751 -0.834478 1.506638 2.094873 0.741398 -0.888266 -0.019265 -0.016594 0.004005 0.002098 1.544022 -0.002861 -0.002098 -0.012779 -0.023842
0.057412 0.166133 -0.272183 1.572251 1.703479 0.283246 -0.102045 -0.019265 -0.016594 0.004005 0.002098 1.544022 -0.002861 -0.002480 -0.012398 -0.023842
0.406844 -0.122263 -1.118296 1.884298 1.814488 0.620470 -0.914969 -0.019265 -0.016594 0.004005 0.002098 1.544022 -0.002861 -0.002480 -0.012779 -0.023842
-0.620851 -0.133707 -0.077630 2.115854 1.828603 -0.771153 -0.527771 -0.019265 -0.016594 0.004005 0.002098 1.544022 -0.002861 -0.002480 -0.012779 -0.023842
0.373274 0.042153 -0.444610 1.142329 0.272564 -0.178721 -0.391203 -0.018883 -0.016594 0.004005 0.002098 1.544022 -0.002861 -0.002480 -0.012779 -0.023842
0.373274 0.042153 -0.444610 1.141947 0.272564 -0.181773 -0.755894 -0.018883 -0.016594 0.004005 0.002098 1.544022 -0.002861 -0.002480 -0.012779 -0.023842
0.359159 0.042153 -0.444610 1.141947 0.272564 -0.181773 -1.248379 -0.018883 -0.016594 0.004005 0.002098 1.544022 -0.002861 -0.002480 -0.012779 -0.023842
