# left 8 right 8
0.018883 -0.005150 -0.004387 1.542878 -0.016594 0.157740 0.042916 -0.422866 -0.022698 -0.001717 0.002861 1.545930 -0.062753 0.007820 -0.227932 -0.647173
0.018883 -0.005150 -0.004387 1.542878 -0.016594 0.157740 0.043297 -0.422866 -0.022698 -0.001717 0.002861 1.545930 -0.062753 0.008202 -0.227932 -0.647173
0.018883 -0.005150 -0.004387 1.543259 -0.016594 0.157740 0.043297 -0.422866 -0.022698 -0.001717 0.002861 1.545930 -0.062753 0.007820 -0.227932 -0.647173
0.018883 -0.005531 -0.004387 1.543259 -0.016594 0.157740 0.043297 -0.422866 -0.022698 -0.001717 0.002861 1.545930 -0.062753 0.007820 -0.227932 -0.647173
0.018883 -0.005150 -0.004387 1.542878 -0.016594 0.157740 0.043297 -0.422866 -0.022698 -0.001717 0.002861 1.545930 -0.062753 0.007820 -0.227932 -0.647173
0.018883 -0.005150 -0.004387 1.543259 -0.016594 0.157740 0.042916 -0.422866 -0.022698 -0.001717 0.002861 1.545930 -0.062753 0.007820 -0.227932 -0.647173
0.018883 -0.005531 -0.004387 1.542878 -0.016594 0.157740 0.042916 -0.422866 -0.022698 -0.001717 0.002861 1.545930 -0.062753 0.007820 -0.227932 -0.647173
0.018883 -0.005150 -0.004387 1.542878 -0.016594 0.157740 0.043297 -0.422866 -0.022698 -0.001717 0.002861 1.545930 -0.062753 0.007820 -0.227932 -0.647173
0.018883 -0.005531 -0.004387 1.543259 -0.016594 0.157740 0.043297 -0.422866 -0.022698 -0.001717 0.002861 1.545930 -0.062753 0.007820 -0.227932 -0.647173
0.018883 -0.005531 -0.004387 1.542878 -0.016594 0.157740 0.042916 -0.422866 -0.022698 -0.001717 0.002861 1.545930 -0.062753 0.007820 -0.227932 -0.647173
0.018883 -0.005150 -0.004387 1.542878 -0.016594 0.157740 0.043297 -0.422866 -0.022698 -0.001717 0.002861 1.545930 -0.062753 0.007820 -0.227932 -0.647173
0.018883 -0.005150 -0.004387 1.542878 -0.016594 0.157740 0.042916 -0.422866 -0.022698 -0.001717 0.002861 1.545930 -0.062753 0.007820 -0.227932 -0.647173
0.018883 -0.005150 -0.004387 1.543259 -0.016594 0.157740 0.043297 -0.422866 -0.022698 -0.001717 0.002861 1.545930 -0.062753 0.007820 -0.227932 -0.647173
0.018883 -0.005150 -0.004387 1.542878 -0.016594 0.157740 0.043297 -0.422866 -0.022698 -0.001717 0.002861 1.545930 -0.062753 0.007820 -0.227932 -0.647173
0.018883 -0.005150 -0.004387 1.542878 -0.016594 0.157740 0.042916 -0.422866 -0.022698 -0.001717 0.002861 1.545930 -0.062753 0.007820 -0.227932 -0.647173
0.018883 -0.005150 -0.004387 1.542878 -0.016594 0.158122 0.043297 -0.422866 -0.022698 -0.001717 0.002861 1.545930 -0.062753 0.007820 -0.227932 -0.647173
0.018883 -0.005150 -0.004387 1.542878 -0.016594 0.158122 0.043297 -0.422866 -0.022698 -0.001717 0.002861 1.545930 -0.062753 0.007820 -0.227932 -0.647173
0.018883 -0.005150 -0.004387 1.542878 -0.016594 0.157740 0.043297 -0.422866 -0.022698 -0.001717 0.002861 1.545930 -0.062753 0.007820 -0.227932 -0.647173
0.018883 -0.005531 -0.004387 1.543259 -0.016594 0.157740 0.043297 -0.422866 -0.022698 -0.001717 0.002861 1.545930 -0.062753 0.007820 -0.227932 -0.647173
0.018883 -0.005531 -0.004387 1.542878 -0.016594 0.157740 0.043297 -0.422866 -0.022698 -0.001717 0.002861 1.545930 -0.062753 0.007820 -0.227932 -0.647173
0.018883 -0.005150 -0.004387 1.542878 -0.016594 0.157740 0.043297 -0.422866 -0.022698 -0.001717 0.002861 1.545930 -0.062753 0.007820 -0.227932 -0.647173
0.018883 -0.005150 -0.004387 1.542878 -0.016594 0.157740 0.042916 -0.422866 -0.022698 -0.001717 0.002861 1.545930 -0.062753 0.007820 -0.227932 -0.647173
0.018883 -0.005150 -0.004387 1.543259 -0.016594 0.157740 0.042916 -0.422866 -0.022698 -0.001717 0.002861 1.545930 -0.062753 0.007820 -0.227932 -0.647173
0.018883 -0.005150 -0.004387 1.542878 -0.016594 0.157740 0.042916 -0.422866 -0.022698 -0.001717 0.002861 1.545930 -0.062753 0.007820 -0.227932 -0.647173
0.018883 -0.005531 -0.004387 1.542878 -0.016594 0.157740 0.043297 -0.422866 -0.022698 -0.001717 0.002861 1.545930 -0.062753 0.007820 -0.227932 -0.647173
0.018883 -0.005150 -0.004387 1.542878 -0.016594 0.158122 0.042916 -0.422866 -0.022698 -0.001717 0.002861 1.545930 -0.062753 0.007820 -0.227932 -0.647173
0.018883 -0.005150 -0.004387 1.542878 -0.016594 0.157740 0.042916 -0.422866 -0.022698 -0.001717 0.002861 1.545930 -0.062753 0.007820 -0.227932 -0.647173
0.018883 -0.005150 -0.004387 1.542878 -0.016594 0.157740 0.043297 -0.422866 -0.022698 -0.001717 0.002861 1.545930 -0.062753 0.007820 -0.227932 -0.647173
0.018883 -0.005150 -0.004387 1.542878 -0.016594 0.157740 0.043297 -0.422866 -0.022698 -0.001717 0.002861 1.545930 -0.062753 0.008202 -0.227932 -0.647173
0.018883 -0.005150 -0.004387 1.543259 -0.016594 0.157740 0.043297 -0.422866 -0.022698 -0.001717 0.002861 1.545930 -0.062753 0.007820 -0.227932 -0.647173
0.018883 -0.005531 -0.004387 1.542878 -0.016976 0.157740 0.042916 -0.422866 -0.022698 -0.001717 0.002861 1.545930 -0.062753 0.007820 -0.227932 -0.647173
0.018883 -0.005150 -0.004387 1.543259 -0.016976 0.157740 0.043297 -0.422866 -0.022698 -0.001717 0.002861 1.545930 -0.062753 0.007820 -0.227932 -0.647173
0.018883 -0.005531 -0.004387 1.542878 -0.016594 0.157740 0.042916 -0.422866 -0.022698 -0.001717 0.002861 1.545930 -0.062753 0.008202 -0.227932 -0.647173
0.018883 -0.005150 -0.004387 1.542878 -0.016594 0.157740 0.043297 -0.422866 -0.022698 -0.001717 0.002861 1.545930 -0.062753 0.007820 -0.227932 -0.647173
0.018883 -0.005531 -0.004387 1.542878 -0.016594 0.158122 0.043297 -0.422866 -0.022698 -0.001717 0.002861 1.545930 -0.062753 0.007820 -0.227932 -0.647173
0.018883 -0.005531 -0.004387 1.542878 -0.016594 0.157740 0.042916 -0.422866 -0.022698 -0.001717 0.002861 1.545930 -0.062753 0.007820 -0.227932 -0.647173
0.018883 -0.005150 -0.004387 1.542878 -0.016594 0.157740 0.043297 -0.422866 -0.022698 -0.001717 0.002861 1.545930 -0.062753 0.007820 -0.227932 -0.647173
0.018883 -0.005531 -0.004387 1.543259 -0.016594 0.157740 0.043297 -0.422866 -0.022698 -0.001717 0.002861 1.545930 -0.062753 0.007820 -0.227932 -0.647173
0.018883 -0.005150 -0.004387 1.542878 -0.016594 0.157740 0.042916 -0.422866 -0.022698 -0.001717 0.002861 1.545930 -0.062753 0.007820 -0.227932 -0.647173
0.018883 -0.005531 -0.004387 1.542878 -0.016594 0.157740 0.043297 -0.422866 -0.022698 -0.001717 0.002861 1.545930 -0.062753 0.008202 -0.227932 -0.647173
0.018883 -0.005150 -0.004387 1.542878 -0.016594 0.157740 0.042916 -0.422866 -0.022698 -0.001717 0.002861 1.545930 -0.062753 0.007820 -0.227932 -0.647173
0.018883 -0.005150 -0.004387 1.543259 -0.016976 0.157359 0.043297 -0.422866 -0.022698 -0.001717 0.002861 1.545930 -0.062753 0.007820 -0.227932 -0.647173
0.018883 -0.005150 -0.004387 1.543259 -0.016594 0.157740 0.042916 -0.422866 -0.022698 -0.001717 0.002861 1.545930 -0.062753 0.008202 -0.227932 -0.647173
0.018883 -0.005150 -0.004387 1.542878 -0.016976 0.157359 0.042916 -0.423247 -0.022698 -0.001717 0.002861 1.545930 -0.062753 0.007820 -0.227932 -0.647173
0.018883 -0.005150 -0.004387 1.542878 -0.016594 0.157359 0.043297 -0.422866 -0.022698 -0.001717 0.002861 1.545930 -0.062753 0.008202 -0.227932 -0.647173
0.018883 -0.005150 -0.004387 1.542878 -0.016976 0.157740 0.042916 -0.422866 -0.022698 -0.001717 0.002861 1.545930 -0.062753 0.008202 -0.227932 -0.647173
0.018883 -0.005531 -0.004387 1.542878 -0.016594 0.157359 0.042916 -0.423247 -0.022698 -0.001717 0.002861 1.545930 -0.062753 0.008202 -0.227932 -0.647173
0.018883 -0.005150 -0.004387 1.542878 -0.016594 0.157359 0.043297 -0.423247 -0.022698 -0.001717 0.002861 1.545930 -0.062753 0.008202 -0.227932 -0.647173
0.018883 -0.005150 -0.004387 1.542878 -0.016976 0.157740 0.043297 -0.423247 -0.022698 -0.001717 0.002861 1.545930 -0.062753 0.007820 -0.227932 -0.647173
0.018883 -0.005150 -0.004387 1.542878 -0.016594 0.157359 0.042916 -0.423247 -0.022698 -0.001717 0.002861 1.545930 -0.062753 0.007820 -0.227932 -0.647173
0.018883 -0.005531 -0.004387 1.542878 -0.016594 0.157740 0.043297 -0.423247 -0.022698 -0.001717 0.002861 1.545930 -0.062753 0.007820 -0.227932 -0.647173
0.018883 -0.005531 -0.004387 1.542878 -0.016594 0.157740 0.043297 -0.423247 -0.022698 -0.001717 0.002861 1.545930 -0.062753 0.008202 -0.227932 -0.647173
0.018883 -0.005531 -0.004387 1.542878 -0.016976 0.157359 0.042916 -0.422866 -0.022698 -0.001717 0.002861 1.545930 -0.062753 0.007820 -0.227932 -0.647173
0.018883 -0.005150 -0.004387 1.543259 -0.016976 0.157740 0.042916 -0.423247 -0.022698 -0.001717 0.002861 1.545930 -0.062753 0.007820 -0.227932 -0.647173
0.018883 -0.005531 -0.004387 1.543259 -0.016976 0.157740 0.043297 -0.422866 -0.022698 -0.001717 0.002861 1.545930 -0.062753 0.008202 -0.227932 -0.647173
0.018883 -0.005531 -0.004387 1.542878 -0.016976 0.157740 0.042916 -0.423247 -0.022698 -0.001717 0.002861 1.545930 -0.062753 0.007820 -0.227932 -0.647173
0.018883 -0.005150 -0.004387 1.543259 -0.016976 0.157359 0.042916 -0.423247 -0.022698 -0.001717 0.002861 1.545930 -0.062753 0.007820 -0.227932 -0.647173
0.018883 -0.005150 -0.004387 1.542878 -0.016976 0.157359 0.043297 -0.423247 -0.022698 -0.001717 0.002861 1.545930 -0.062753 0.008202 -0.227932 -0.647173
0.018883 -0.005150 -0.004387 1.542878 -0.016976 0.154688 0.042916 -0.423247 -0.022698 -0.001717 0.002861 1.545930 -0.062753 0.008202 -0.227932 -0.647173
0.018883 -0.005531 -0.004387 1.542878 -0.016976 0.149348 0.042916 -0.422866 -0.022698 -0.001717 0.002861 1.545930 -0.062753 0.007820 -0.227932 -0.647173
0.018883 -0.005531 -0.004387 1.542878 -0.017739 0.132944 0.043297 -0.423247 -0.022698 -0.001717 0.002861 1.545930 -0.062753 0.007820 -0.227932 -0.647173
0.018883 -0.005531 -0.004387 1.542878 -0.018502 0.110056 0.042916 -0.423247 -0.022698 -0.001717 0.002861 1.545930 -0.058938 0.007820 -0.227932 -0.647173
0.018883 -0.005531 -0.004387 1.542878 -0.019265 0.076104 0.042916 -0.423247 -0.022698 -0.001717 0.002861 1.545930 -0.055123 0.008202 -0.227932 -0.647173
0.018883 -0.005150 -0.004387 1.542878 -0.019646 0.036812 0.042916 -0.423247 -0.022698 -0.001717 0.002861 1.545930 -0.051308 0.008202 -0.227932 -0.647173
0.018883 -0.005150 -0.004387 1.543259 -0.020027 -0.002480 0.042535 -0.423247 -0.022698 -0.001717 0.002861 1.545930 -0.050546 0.009728 -0.227550 -0.647173
0.018883 -0.005531 -0.004387 1.542878 -0.019646 -0.040627 0.042916 -0.423247 -0.022698 -0.001717 0.002861 1.545930 -0.047875 0.020027 -0.224498 -0.647173
0.018883 -0.005150 -0.004387 1.542878 -0.018502 -0.075341 0.042916 -0.423247 -0.022698 -0.001335 0.002861 1.545930 -0.047112 0.042153 -0.223354 -0.647173
0.018502 -0.005531 -0.004387 1.542878 -0.016594 -0.111582 0.042916 -0.423247 -0.022698 -0.001335 0.002861 1.545930 -0.047494 0.074578 -0.219921 -0.647555
0.018883 -0.005531 -0.004387 1.542878 -0.015831 -0.140192 0.042535 -0.423247 -0.022698 -0.001335 0.002861 1.545930 -0.047112 0.118448 -0.215724 -0.647555
0.018883 -0.005531 -0.004387 1.542878 -0.015831 -0.166514 0.042535 -0.423247 -0.022698 -0.001335 0.002861 1.545930 -0.047112 0.163462 -0.211910 -0.647555
0.018883 -0.005150 -0.004387 1.542878 -0.015450 -0.188640 0.042916 -0.423247 -0.022698 -0.001717 0.002861 1.545930 -0.047875 0.209621 -0.205043 -0.647555
0.018883 -0.005150 -0.004387 1.542878 -0.015450 -0.198177 0.042535 -0.423247 -0.022698 -0.001717 0.002861 1.545930 -0.048257 0.252346 -0.195888 -0.647555
0.018883 -0.005150 -0.004387 1.542878 -0.015068 -0.200847 0.042535 -0.423247 -0.022698 -0.001717 0.002861 1.545930 -0.048257 0.287442 -0.187495 -0.647555
0.018502 -0.005150 -0.004387 1.542878 -0.015450 -0.203136 0.042535 -0.423247 -0.022316 -0.001717 0.002861 1.545930 -0.049020 0.317197 -0.181010 -0.647555
0.018883 -0.005531 -0.004387 1.542878 -0.015068 -0.203517 0.042916 -0.423247 -0.022698 -0.001335 0.002861 1.545930 -0.051690 0.345808 -0.176051 -0.647555
0.018883 -0.005531 -0.004387 1.542878 -0.015068 -0.210765 0.042535 -0.423247 -0.022698 -0.001335 0.002861 1.545930 -0.052834 0.375944 -0.167659 -0.647555
0.018502 -0.005531 -0.004387 1.542878 -0.015068 -0.224498 0.042535 -0.423247 -0.022698 -0.001717 0.002861 1.545930 -0.053216 0.397688 -0.160029 -0.647555
0.018883 -0.005531 -0.004387 1.542878 -0.014687 -0.240520 0.042916 -0.423247 -0.022698 -0.002480 0.002861 1.545930 -0.053979 0.417144 -0.155833 -0.647555
0.018502 -0.005531 -0.004387 1.543259 -0.011635 -0.256924 0.042916 -0.423247 -0.022698 -0.002480 0.002861 1.545930 -0.056268 0.433547 -0.152018 -0.647555
0.018502 -0.005531 -0.004387 1.542878 -0.010491 -0.277142 0.042916 -0.423247 -0.022698 -0.002480 0.002861 1.545930 -0.056649 0.443847 -0.148203 -0.647555
0.018502 -0.005531 -0.004387 1.542878 -0.008583 -0.297360 0.042916 -0.423247 -0.022698 -0.002861 0.002480 1.545930 -0.057031 0.448806 -0.144770 -0.647555
0.018883 -0.005531 -0.004387 1.543259 -0.008202 -0.314908 0.042916 -0.423247 -0.022698 -0.002861 0.002480 1.545930 -0.057412 0.453765 -0.140955 -0.647555
0.018502 -0.005531 -0.004387 1.542878 -0.008202 -0.333600 0.042916 -0.423247 -0.022698 -0.002861 0.002480 1.545930 -0.059319 0.454910 -0.140192 -0.647555
0.018883 -0.005531 -0.004387 1.542878 -0.007820 -0.351530 0.042916 -0.423247 -0.022698 -0.002861 0.002480 1.545930 -0.059319 0.455291 -0.138666 -0.647555
0.018502 -0.005531 -0.004387 1.542878 -0.007439 -0.365644 0.042916 -0.423247 -0.022698 -0.002861 0.002480 1.545930 -0.059701 0.456054 -0.138285 -0.647555
0.018883 -0.005531 -0.004387 1.543259 -0.007439 -0.380140 0.042916 -0.423247 -0.022698 -0.002861 0.002480 1.545930 -0.059701 0.457961 -0.137903 -0.647555
0.018883 -0.005531 -0.004387 1.542878 -0.006676 -0.392729 0.042916 -0.423629 -0.022698 -0.002861 0.002480 1.545930 -0.059701 0.462158 -0.137903 -0.647555
0.018883 -0.005531 -0.004387 1.543259 -0.005150 -0.406844 0.042916 -0.423629 -0.022698 -0.002480 0.002480 1.545930 -0.060082 0.480468 -0.137903 -0.647555
0.018502 -0.005150 -0.004387 1.543259 -0.004768 -0.412947 0.042916 -0.423629 -0.022316 -0.002098 0.002480 1.545930 -0.060845 0.515564 -0.137903 -0.647555
0.018502 -0.005150 -0.004005 1.543259 -0.004005 -0.419814 0.042916 -0.423629 -0.022698 -0.002098 0.002480 1.545930 -0.062753 0.562867 -0.137522 -0.647936
0.018502 -0.005531 -0.004005 1.542878 -0.004005 -0.423629 0.042916 -0.423247 -0.022698 -0.003243 0.001717 1.545930 -0.063134 0.594911 -0.137903 -0.647555
0.018883 -0.005531 -0.004005 1.543259 -0.004005 -0.425917 0.042916 -0.423629 -0.022698 -0.005150 -0.000191 1.545930 -0.063134 0.603304 -0.137522 -0.647555
0.018502 -0.005531 -0.004005 1.543259 -0.003624 -0.426680 0.042916 -0.423629 -0.022698 -0.005150 -0.001335 1.545930 -0.063516 0.608263 -0.137522 -0.647555
0.018883 -0.005531 -0.004005 1.542878 -0.003624 -0.426680 0.042916 -0.423629 -0.022698 -0.004768 -0.001335 1.545930 -0.063516 0.610933 -0.137522 -0.647936
0.018883 -0.005531 -0.004005 1.542878 -0.003624 -0.426680 0.042916 -0.423629 -0.022698 -0.004768 -0.001335 1.545930 -0.064660 0.611315 -0.137522 -0.647555
0.018502 -0.005531 -0.004005 1.543259 -0.003624 -0.426680 0.042916 -0.423629 -0.022316 -0.004768 -0.001335 1.545930 -0.070764 0.611315 -0.137522 -0.647936
0.018883 -0.005531 -0.004005 1.543259 -0.003624 -0.426680 0.042916 -0.423629 -0.022316 -0.004768 -0.001335 1.545930 -0.076867 0.611315 -0.137140 -0.647555
0.018883 -0.005531 -0.004005 1.543259 -0.003624 -0.426680 0.042916 -0.423629 -0.022698 -0.004768 -0.001335 1.545930 -0.084497 0.611696 -0.137140 -0.647555
0.018883 -0.005531 -0.004005 1.542878 -0.003624 -0.426680 0.042916 -0.423629 -0.022698 -0.004768 -0.001335 1.545930 -0.089075 0.611696 -0.137140 -0.647555
0.018502 -0.005150 -0.004005 1.543259 -0.003624 -0.426680 0.042916 -0.423629 -0.022316 -0.004768 -0.001335 1.545930 -0.089456 0.611696 -0.137140 -0.647555
0.018883 -0.005531 -0.004005 1.542878 -0.003243 -0.426680 0.042916 -0.423629 -0.022316 -0.004768 -0.001335 1.545930 -0.089837 0.611696 -0.137140 -0.647936
0.018883 -0.005150 -0.004005 1.543259 -0.003624 -0.426680 0.042916 -0.423629 -0.022698 -0.004768 -0.001335 1.545930 -0.089837 0.611696 -0.137140 -0.647555
0.018883 -0.005531 -0.004005 1.542878 -0.003624 -0.426680 0.042916 -0.423629 -0.022698 -0.004768 -0.001335 1.545930 -0.089837 0.611696 -0.137140 -0.647555
0.018502 -0.005150 -0.004005 1.543259 -0.003243 -0.426680 0.042916 -0.423629 -0.022698 -0.004768 -0.001335 1.545930 -0.089837 0.611696 -0.137140 -0.647555
0.018502 -0.005531 -0.004005 1.543259 -0.003243 -0.426680 0.042916 -0.423629 -0.022316 -0.004768 -0.001335 1.545930 -0.089837 0.610933 -0.137140 -0.647555
0.018883 -0.005531 -0.004005 1.542878 -0.002480 -0.426299 0.042916 -0.423629 -0.022698 -0.004768 -0.001335 1.545930 -0.089837 0.610552 -0.137140 -0.647555
0.018502 -0.005150 -0.004005 1.542878 -0.000954 -0.425154 0.042916 -0.423629 -0.022698 -0.004768 -0.001335 1.545930 -0.089837 0.607881 -0.137140 -0.647936
0.018502 -0.005150 -0.004005 1.542878 -0.000572 -0.422484 0.042916 -0.423629 -0.022316 -0.004768 -0.001335 1.545930 -0.089837 0.599489 -0.137140 -0.647555
0.018502 -0.005531 -0.004005 1.543259 -0.000572 -0.421721 0.042916 -0.423629 -0.022698 -0.004768 -0.001335 1.545930 -0.089837 0.584230 -0.137140 -0.647555
0.018502 -0.005531 -0.004005 1.543259 -0.000572 -0.419814 0.042916 -0.423629 -0.022698 -0.004768 -0.001335 1.545930 -0.089837 0.564393 -0.136759 -0.647936
0.018502 -0.005150 -0.004005 1.542878 -0.000572 -0.415618 0.042916 -0.423629 -0.022698 -0.004768 -0.001335 1.545930 -0.089837 0.552567 -0.136759 -0.647555
0.018502 -0.005150 -0.004005 1.543259 -0.000572 -0.399214 0.042916 -0.423629 -0.022698 -0.004768 -0.001335 1.545930 -0.089837 0.546845 -0.136759 -0.647936
0.018502 -0.005150 -0.004005 1.543259 -0.000572 -0.373655 0.042916 -0.424010 -0.022698 -0.004768 -0.001335 1.545930 -0.089837 0.545701 -0.136759 -0.647555
0.018502 -0.005150 -0.004005 1.542878 -0.000191 -0.348859 0.043297 -0.424010 -0.022698 -0.004768 -0.001335 1.545930 -0.089456 0.543793 -0.136759 -0.647936
0.018502 -0.005531 -0.004005 1.542878 -0.000572 -0.323682 0.043297 -0.424010 -0.022698 -0.004768 -0.001335 1.545930 -0.089456 0.531968 -0.136759 -0.647555
0.018883 -0.005531 -0.004005 1.542878 -0.000572 -0.302319 0.043297 -0.424010 -0.022698 -0.004768 -0.001335 1.545930 -0.089456 0.512131 -0.136759 -0.647936
0.018883 -0.005531 -0.004005 1.542878 -0.000572 -0.285916 0.043297 -0.424010 -0.022698 -0.004768 -0.001335 1.545930 -0.089456 0.490005 -0.136759 -0.647936
0.018883 -0.005150 -0.004005 1.542878 -0.000572 -0.267224 0.042916 -0.424010 -0.022698 -0.004768 -0.001335 1.545930 -0.089456 0.462921 -0.136759 -0.647936
0.018883 -0.005150 -0.004005 1.543259 -0.000572 -0.244717 0.042916 -0.424010 -0.022698 -0.004768 -0.001335 1.545930 -0.089456 0.444991 -0.136759 -0.647936
0.018883 -0.005150 -0.004005 1.543259 -0.000572 -0.219158 0.043297 -0.424010 -0.022698 -0.004387 -0.001335 1.545930 -0.089456 0.435454 -0.136759 -0.647936
0.018883 -0.005531 -0.004005 1.543259 -0.000954 -0.193217 0.042916 -0.424010 -0.022698 -0.004768 -0.001335 1.545930 -0.089456 0.433928 -0.137522 -0.647936
0.018883 -0.005150 -0.004005 1.542878 -0.000954 -0.166896 0.043297 -0.424392 -0.022698 -0.004768 -0.001335 1.545930 -0.089456 0.433547 -0.138666 -0.647936
0.018883 -0.005531 -0.004005 1.543259 -0.001335 -0.140192 0.043297 -0.424392 -0.022698 -0.004768 -0.001335 1.545930 -0.089075 0.432021 -0.144388 -0.647936
0.018883 -0.005531 -0.004005 1.543259 -0.001335 -0.112726 0.043297 -0.424392 -0.022698 -0.004768 -0.001335 1.545930 -0.089075 0.418288 -0.155833 -0.647936
0.018883 -0.005531 -0.004005 1.543259 -0.001717 -0.086023 0.043297 -0.424392 -0.022698 -0.004768 -0.001335 1.545930 -0.089075 0.401122 -0.166133 -0.647936
0.018883 -0.005150 -0.004005 1.543259 -0.003624 -0.051308 0.042916 -0.424392 -0.022316 -0.004768 -0.001335 1.545930 -0.088693 0.378614 -0.182155 -0.647936
0.018883 -0.005150 -0.004005 1.543259 -0.005150 -0.015068 0.043297 -0.424392 -0.022316 -0.004768 -0.001335 1.546311 -0.087930 0.350004 -0.200084 -0.647555
0.018883 -0.005150 -0.004005 1.543259 -0.005913 0.018502 0.048638 -0.424392 -0.022316 -0.004387 -0.001335 1.546311 -0.088312 0.327878 -0.221065 -0.647936
0.018502 -0.005150 -0.004005 1.543259 -0.008202 0.051308 0.065423 -0.424392 -0.022316 -0.004387 -0.001335 1.546311 -0.087549 0.322156 -0.243954 -0.647936
0.018502 -0.005150 -0.004005 1.543259 -0.008583 0.082589 0.091745 -0.424392 -0.022316 -0.004768 -0.001335 1.546311 -0.086404 0.321012 -0.267224 -0.647936
0.018502 -0.005531 -0.004005 1.543259 -0.008965 0.109674 0.129129 -0.424773 -0.022316 -0.004768 -0.001335 1.546311 -0.086023 0.320249 -0.290875 -0.647936
0.018883 -0.005531 -0.004005 1.543641 -0.008965 0.128748 0.177195 -0.424773 -0.022316 -0.004768 -0.001335 1.546311 -0.086023 0.316815 -0.319104 -0.647936
0.018502 -0.005531 -0.004005 1.544022 -0.009728 0.146296 0.225643 -0.424773 -0.022316 -0.004768 -0.001335 1.546311 -0.086404 0.308804 -0.348478 -0.647936
0.018883 -0.005150 -0.004005 1.544785 -0.013542 0.153544 0.276761 -0.424773 -0.022316 -0.004387 -0.001335 1.546311 -0.086786 0.304227 -0.379759 -0.647936
0.018502 -0.005531 -0.004005 1.545167 -0.016213 0.155833 0.322156 -0.424773 -0.022316 -0.004387 -0.001335 1.546311 -0.090982 0.303464 -0.408751 -0.647936
0.019265 -0.005531 -0.004005 1.545167 -0.020409 0.157359 0.358015 -0.424773 -0.022316 -0.004768 -0.001335 1.546311 -0.095941 0.303464 -0.435454 -0.647936
0.020027 -0.005150 -0.004005 1.545167 -0.030709 0.157740 0.384718 -0.424773 -0.022698 -0.004768 -0.001335 1.546693 -0.097467 0.303464 -0.459487 -0.647936
0.022698 -0.005150 -0.004005 1.545167 -0.043297 0.157740 0.400740 -0.424773 -0.022316 -0.004387 -0.001335 1.546693 -0.097848 0.304990 -0.481613 -0.647936
0.026131 -0.005150 -0.004005 1.545167 -0.058556 0.156977 0.412184 -0.424773 -0.022316 -0.004005 -0.001335 1.546693 -0.098230 0.316052 -0.496490 -0.647936
0.030709 -0.005150 -0.004005 1.545167 -0.078012 0.152781 0.421721 -0.424773 -0.022698 -0.004768 -0.001335 1.546693 -0.098230 0.333982 -0.503738 -0.647936
0.035668 -0.005531 -0.004005 1.545167 -0.097086 0.142863 0.430877 -0.424773 -0.022698 -0.004768 -0.001335 1.546693 -0.097467 0.349622 -0.505264 -0.647936
0.036431 -0.005150 -0.004005 1.545167 -0.117304 0.135233 0.439269 -0.424773 -0.022698 -0.004768 -0.001335 1.546693 -0.097467 0.366026 -0.501068 -0.647936
0.036431 -0.005531 -0.004005 1.545167 -0.140192 0.124170 0.443084 -0.424773 -0.022698 -0.004768 -0.001335 1.546693 -0.097848 0.386244 -0.490387 -0.647936
0.035668 -0.005531 -0.004005 1.545167 -0.160410 0.107385 0.443847 -0.424773 -0.022698 -0.004768 -0.001335 1.546693 -0.097467 0.403029 -0.476654 -0.647936
0.035668 -0.005531 -0.004005 1.545167 -0.180247 0.086404 0.443847 -0.424773 -0.022698 -0.004768 -0.001335 1.546693 -0.096323 0.422866 -0.459869 -0.647936
0.036049 -0.005531 -0.004005 1.545167 -0.201610 0.063134 0.444610 -0.424773 -0.022698 -0.004768 -0.001335 1.546693 -0.096704 0.441939 -0.440032 -0.647936
0.036049 -0.005531 -0.004005 1.545167 -0.219158 0.037957 0.444991 -0.424773 -0.022698 -0.005150 -0.001335 1.546693 -0.096704 0.445754 -0.417525 -0.647936
0.036049 -0.005531 -0.004005 1.545167 -0.229076 0.013161 0.444610 -0.424773 -0.022698 -0.005150 -0.001335 1.546693 -0.096704 0.448806 -0.390822 -0.647936
0.035668 -0.005531 -0.004005 1.545167 -0.237469 -0.013161 0.444228 -0.424773 -0.022698 -0.004768 -0.000954 1.546693 -0.096704 0.452621 -0.358778 -0.647936
0.035668 -0.005531 -0.004005 1.545167 -0.237850 -0.039483 0.443084 -0.424773 -0.022698 -0.005150 -0.000954 1.547074 -0.097086 0.453002 -0.321393 -0.647936
0.036049 -0.005150 -0.004005 1.545167 -0.237850 -0.065423 0.437362 -0.424773 -0.022698 -0.005150 -0.001335 1.547074 -0.097086 0.453384 -0.284390 -0.647936
0.036049 -0.005150 -0.004005 1.545167 -0.237469 -0.080682 0.421721 -0.424773 -0.022698 -0.005150 -0.001335 1.547837 -0.097086 0.454147 -0.243954 -0.647936
0.036049 -0.005150 -0.004005 1.545167 -0.237469 -0.094797 0.395399 -0.424773 -0.022698 -0.005150 -0.001335 1.548981 -0.097086 0.454528 -0.210384 -0.647936
0.036049 -0.005150 -0.004005 1.545167 -0.237469 -0.098993 0.361830 -0.424773 -0.022698 -0.005150 -0.001335 1.553559 -0.097086 0.454147 -0.182918 -0.647936
0.036049 -0.005150 -0.004005 1.545167 -0.237469 -0.102808 0.321393 -0.425154 -0.022316 -0.005150 -0.000954 1.560044 -0.097086 0.454528 -0.156977 -0.647936
0.036049 -0.005150 -0.004005 1.545167 -0.237469 -0.105097 0.277142 -0.435454 -0.022698 -0.004768 -0.001335 1.569200 -0.100900 0.454528 -0.135233 -0.647936
0.036049 -0.005150 -0.004005 1.545167 -0.237087 -0.105478 0.234417 -0.453002 -0.022316 -0.004768 -0.001335 1.575303 -0.105478 0.454528 -0.116922 -0.647936
0.036049 -0.005150 -0.004005 1.545167 -0.237087 -0.105478 0.190166 -0.473220 -0.022698 -0.005150 -0.001335 1.582170 -0.112726 0.452239 -0.101663 -0.647936
0.035668 -0.005531 -0.004005 1.545167 -0.237087 -0.105478 0.151637 -0.489624 -0.022316 -0.004768 -0.001335 1.587892 -0.124170 0.449187 -0.090219 -0.647936
0.035286 -0.005531 -0.004005 1.545167 -0.236706 -0.105478 0.132563 -0.496109 -0.022698 -0.005150 -0.001335 1.597047 -0.134470 0.440032 -0.084878 -0.647936
0.035286 -0.005531 -0.004005 1.545167 -0.233272 -0.105478 0.122644 -0.496872 -0.022698 -0.005150 -0.001335 1.609636 -0.144007 0.425536 -0.084878 -0.647936
0.035668 -0.005531 -0.004005 1.545167 -0.217632 -0.105478 0.118448 -0.496872 -0.022698 -0.005150 -0.001335 1.625277 -0.150874 0.398451 -0.087930 -0.647936
0.035668 -0.005531 -0.004005 1.545167 -0.198558 -0.105097 0.117304 -0.496872 -0.022698 -0.005150 -0.002098 1.642061 -0.161936 0.363737 -0.097467 -0.647936
0.035286 -0.005150 -0.004005 1.545167 -0.177958 -0.095941 0.115778 -0.496872 -0.022316 -0.005150 -0.002098 1.656558 -0.173381 0.329786 -0.109674 -0.647936
0.035668 -0.005531 -0.004005 1.545167 -0.156214 -0.076867 0.113870 -0.496872 -0.022316 -0.004768 -0.001717 1.669528 -0.179103 0.300031 -0.130274 -0.648318
0.035668 -0.005150 -0.004005 1.545167 -0.137522 -0.049783 0.113107 -0.497253 -0.022316 -0.004768 -0.001717 1.680591 -0.182918 0.275998 -0.159266 -0.648318
0.035668 -0.005150 -0.004005 1.545167 -0.125696 -0.017739 0.112726 -0.496872 -0.022316 -0.004768 -0.002098 1.690127 -0.184062 0.259976 -0.189403 -0.647936
0.035668 -0.005150 -0.004005 1.545167 -0.112345 0.016213 0.111963 -0.496872 -0.022316 -0.004768 -0.002098 1.697757 -0.184825 0.244717 -0.219158 -0.648318
0.035668 -0.005150 -0.004005 1.545167 -0.103571 0.060082 0.111582 -0.497253 -0.022316 -0.005150 -0.002098 1.704623 -0.184443 0.221447 -0.253109 -0.648318
0.035668 -0.005150 -0.004005 1.545167 -0.097848 0.102045 0.111582 -0.497253 -0.020790 -0.004768 -0.002098 1.706912 -0.183680 0.205425 -0.287442 -0.648318
0.035668 -0.005150 -0.004005 1.545167 -0.092508 0.136759 0.111582 -0.497253 -0.020027 -0.004768 -0.001717 1.707675 -0.188640 0.198177 -0.325971 -0.648318
0.035668 -0.005531 -0.004005 1.545167 -0.086023 0.170710 0.111963 -0.497253 -0.020027 -0.004768 -0.002098 1.708438 -0.191310 0.197414 -0.368315 -0.648318
0.035668 -0.005531 -0.004005 1.545167 -0.084115 0.198177 0.115015 -0.497253 -0.020027 -0.004768 -0.002098 1.708438 -0.191310 0.197414 -0.414473 -0.648318
0.035668 -0.005531 -0.004005 1.545167 -0.082589 0.223354 0.123026 -0.497253 -0.020027 -0.004768 -0.002098 1.708438 -0.191310 0.197414 -0.460632 -0.648318
0.035286 -0.005531 -0.004005 1.545167 -0.082589 0.242809 0.145151 -0.497253 -0.020027 -0.004768 -0.002098 1.708820 -0.191310 0.197032 -0.507172 -0.648318
0.035286 -0.005531 -0.004005 1.545930 -0.082589 0.260357 0.183680 -0.497253 -0.020027 -0.004387 -0.002098 1.708820 -0.191691 0.197032 -0.555619 -0.648318
0.035286 -0.005531 -0.004005 1.546693 -0.082971 0.275998 0.226787 -0.497253 -0.019646 -0.004768 -0.002098 1.708438 -0.191691 0.198558 -0.597581 -0.648318
0.035286 -0.005531 -0.004005 1.547074 -0.082971 0.281338 0.278286 -0.497253 -0.020027 -0.005150 -0.002098 1.708820 -0.191691 0.205043 -0.636492 -0.648318
0.035286 -0.005531 -0.004005 1.547074 -0.082971 0.282864 0.328641 -0.497635 -0.020027 -0.004768 -0.002098 1.708820 -0.191310 0.219158 -0.668536 -0.648318
0.035668 -0.005531 -0.004005 1.547074 -0.082971 0.284771 0.374800 -0.497635 -0.020027 -0.004768 -0.002098 1.708820 -0.191691 0.234798 -0.695621 -0.648318
0.035668 -0.005531 -0.004005 1.547074 -0.083734 0.284771 0.418669 -0.497635 -0.020409 -0.004387 -0.002098 1.708820 -0.191310 0.261120 -0.716983 -0.648318
0.035286 -0.005531 -0.004005 1.547074 -0.089456 0.283246 0.457198 -0.497635 -0.021935 -0.004768 -0.002098 1.708820 -0.190929 0.284771 -0.728428 -0.648318
0.035286 -0.005531 -0.004005 1.547074 -0.102045 0.272946 0.488479 -0.497635 -0.023079 -0.004768 -0.002098 1.708820 -0.184062 0.311093 -0.736439 -0.648318
0.035668 -0.005531 -0.004005 1.547074 -0.124170 0.255398 0.510605 -0.497635 -0.025368 -0.004768 -0.002098 1.708820 -0.168040 0.332837 -0.737201 -0.648318
0.035668 -0.005531 -0.004005 1.547074 -0.151255 0.238231 0.520905 -0.497635 -0.025368 -0.004768 -0.002098 1.708820 -0.149729 0.353819 -0.736820 -0.648318
0.035668 -0.005531 -0.004005 1.547074 -0.185969 0.215343 0.523957 -0.497635 -0.025368 -0.004768 -0.002098 1.708820 -0.124552 0.372129 -0.732624 -0.648318
0.035286 -0.005531 -0.004005 1.547074 -0.216869 0.189784 0.524720 -0.497635 -0.025750 -0.004768 -0.002098 1.708820 -0.098230 0.385100 -0.716220 -0.648318
0.035668 -0.005531 -0.004005 1.547074 -0.247387 0.160792 0.526627 -0.497635 -0.025368 -0.005150 -0.002098 1.708820 -0.073053 0.390440 -0.693332 -0.648318
0.035668 -0.005531 -0.004005 1.547074 -0.272183 0.132944 0.526627 -0.497635 -0.025368 -0.005150 -0.002098 1.708820 -0.053979 0.392348 -0.662051 -0.648318
0.035668 -0.005531 -0.004005 1.547074 -0.290875 0.102426 0.527008 -0.497635 -0.025368 -0.004768 -0.002098 1.708820 -0.040627 0.400740 -0.626192 -0.648318
0.035286 -0.005531 -0.004005 1.547074 -0.304608 0.074197 0.526246 -0.497635 -0.025368 -0.004768 -0.002098 1.708820 -0.031853 0.410277 -0.586137 -0.648318
0.035668 -0.005531 -0.004005 1.547074 -0.319486 0.046349 0.520142 -0.497635 -0.025368 -0.005150 -0.002098 1.708820 -0.027276 0.422103 -0.543793 -0.648318
0.035668 -0.005150 -0.004005 1.547074 -0.327878 0.024987 0.504120 -0.498016 -0.025750 -0.004768 -0.002098 1.708820 -0.025750 0.434310 -0.499542 -0.648318
0.035668 -0.005150 -0.004005 1.547074 -0.333600 0.004387 0.479706 -0.498016 -0.025368 -0.004768 -0.002098 1.708820 -0.024605 0.438506 -0.457580 -0.648318
0.035668 -0.005150 -0.004005 1.546693 -0.335126 -0.015831 0.441939 -0.498016 -0.025368 -0.004768 -0.002098 1.708820 -0.024605 0.440032 -0.414092 -0.648318
0.035668 -0.005150 -0.004005 1.547074 -0.335126 -0.031472 0.398833 -0.498398 -0.025750 -0.005150 -0.002098 1.708820 -0.024605 0.441176 -0.370985 -0.648318
0.035668 -0.005150 -0.004005 1.547074 -0.335508 -0.045968 0.348478 -0.499161 -0.025750 -0.005150 -0.002098 1.708820 -0.024987 0.441558 -0.329404 -0.648318
0.035668 -0.005150 -0.004005 1.547074 -0.335889 -0.053597 0.294690 -0.500305 -0.025368 -0.005150 -0.002098 1.708820 -0.025750 0.441939 -0.286297 -0.648318
0.035668 -0.005150 -0.004005 1.547074 -0.337797 -0.057794 0.237087 -0.500305 -0.025368 -0.005150 -0.002098 1.708820 -0.026513 0.441939 -0.249294 -0.648318
0.035668 -0.005150 -0.004005 1.546693 -0.337797 -0.060464 0.184062 -0.500687 -0.025368 -0.004768 -0.002098 1.708820 -0.029564 0.441939 -0.214199 -0.648318
0.035668 -0.005150 -0.004005 1.546693 -0.335889 -0.060845 0.139048 -0.500687 -0.025368 -0.004768 -0.002098 1.709201 -0.036812 0.442321 -0.187114 -0.648318
0.035668 -0.005531 -0.004005 1.546693 -0.326734 -0.060845 0.102045 -0.500687 -0.025368 -0.004768 -0.002098 1.711490 -0.046731 0.441939 -0.165751 -0.648699
0.035286 -0.005531 -0.004005 1.546693 -0.311856 -0.060845 0.077249 -0.500687 -0.025368 -0.005150 -0.002098 1.712634 -0.060845 0.434691 -0.146296 -0.648699
0.035286 -0.005531 -0.004005 1.546693 -0.291638 -0.060845 0.064279 -0.501068 -0.025368 -0.005150 -0.002098 1.713397 -0.070764 0.411803 -0.134470 -0.648699
0.035668 -0.005531 -0.004005 1.546693 -0.266461 -0.055505 0.050927 -0.501068 -0.025368 -0.005150 -0.002861 1.713397 -0.077249 0.376707 -0.130274 -0.649081
0.035286 -0.005150 -0.004005 1.546693 -0.240520 -0.036812 0.042916 -0.501068 -0.025368 -0.005150 -0.002861 1.713397 -0.088693 0.332074 -0.129892 -0.668536
0.035286 -0.005531 -0.004005 1.546693 -0.214580 -0.013161 0.036812 -0.501068 -0.025750 -0.005150 -0.002861 1.713397 -0.097848 0.283627 -0.130655 -0.696765
0.035668 -0.005150 -0.004005 1.547074 -0.191691 0.013924 0.034905 -0.501068 -0.025368 -0.005150 -0.002480 1.713397 -0.107004 0.242809 -0.138285 -0.721561
0.035668 -0.005531 -0.004005 1.546693 -0.172618 0.044060 0.034142 -0.501068 -0.025368 -0.005150 -0.002098 1.713397 -0.112726 0.209621 -0.151637 -0.732242
0.035668 -0.005150 -0.004005 1.546693 -0.157359 0.079538 0.032998 -0.501068 -0.025368 -0.004768 -0.002098 1.713397 -0.115778 0.198177 -0.170329 -0.738346
0.035668 -0.005150 -0.004005 1.546693 -0.143244 0.118067 0.032616 -0.501068 -0.025368 -0.004387 -0.002098 1.713397 -0.117685 0.194362 -0.197032 -0.742542
0.035668 -0.005150 -0.004005 1.546693 -0.134089 0.164225 0.031472 -0.501450 -0.025368 -0.004768 -0.002098 1.713779 -0.120737 0.191310 -0.230602 -0.742924
0.035668 -0.005150 -0.004005 1.546693 -0.133326 0.209239 0.031472 -0.501068 -0.025368 -0.004768 -0.002098 1.714160 -0.121118 0.190547 -0.266079 -0.742924
0.035668 -0.005150 -0.004005 1.547074 -0.131800 0.243572 0.031472 -0.501450 -0.025368 -0.004768 -0.002098 1.714160 -0.122644 0.189784 -0.303845 -0.742924
0.035668 -0.005531 -0.004005 1.546693 -0.131800 0.263027 0.031472 -0.501450 -0.025368 -0.004387 -0.002098 1.714160 -0.123789 0.187877 -0.348096 -0.742924
0.035668 -0.005531 -0.004005 1.546693 -0.131800 0.280957 0.031472 -0.501450 -0.025368 -0.004768 -0.002098 1.714160 -0.124170 0.187495 -0.386625 -0.743305
0.035668 -0.005531 -0.004005 1.546693 -0.131800 0.285534 0.031090 -0.501450 -0.025368 -0.004768 -0.002098 1.714160 -0.124552 0.187114 -0.425917 -0.743305
0.035668 -0.005531 -0.004005 1.546693 -0.131800 0.289349 0.031853 -0.501450 -0.025750 -0.005150 -0.002098 1.714160 -0.131800 0.187495 -0.458343 -0.743305
0.035668 -0.005531 -0.004005 1.546693 -0.131800 0.292020 0.031472 -0.501450 -0.025368 -0.004768 -0.002098 1.714160 -0.141718 0.187495 -0.485428 -0.750935
0.035668 -0.005531 -0.004005 1.546693 -0.132181 0.292401 0.031472 -0.501450 -0.025368 -0.004768 -0.002098 1.714160 -0.152018 0.187114 -0.506790 -0.779545
0.035668 -0.005531 -0.004005 1.547074 -0.132181 0.292782 0.031472 -0.501450 -0.025368 -0.004768 -0.002098 1.714160 -0.163844 0.189021 -0.520142 -0.828374
0.035668 -0.005531 -0.004005 1.546693 -0.132181 0.292782 0.031472 -0.501450 -0.025368 -0.004768 -0.002098 1.714160 -0.168421 0.190929 -0.528534 -0.894369
0.035668 -0.005531 -0.004005 1.546693 -0.132181 0.292782 0.031472 -0.501450 -0.025368 -0.004768 -0.002098 1.714160 -0.168803 0.191310 -0.528916 -0.908103
0.035668 -0.005531 -0.004005 1.546693 -0.132181 0.292782 0.031472 -0.501450 -0.025368 -0.004768 -0.002098 1.714160 -0.168803 0.191310 -0.529297 -0.909247
0.035668 -0.005531 -0.004005 1.546693 -0.132181 0.292782 0.031472 -0.501450 -0.025368 -0.004768 -0.002098 1.714160 -0.168803 0.191310 -0.529679 -0.909247
0.035668 -0.005531 -0.004005 1.546693 -0.132181 0.292782 0.031472 -0.501450 -0.025368 -0.004768 -0.002098 1.714160 -0.168803 0.191310 -0.530060 -0.909628
0.035668 -0.005531 -0.004005 1.546693 -0.132181 0.292782 0.031472 -0.501450 -0.025368 -0.004768 -0.002098 1.714160 -0.168421 0.191310 -0.530442 -0.909628
0.035668 -0.005531 -0.004005 1.546693 -0.132181 0.292782 0.031472 -0.501450 -0.025368 -0.004768 -0.002098 1.714160 -0.168803 0.191310 -0.530823 -0.909628
0.035668 -0.005531 -0.004005 1.546693 -0.132181 0.292782 0.031472 -0.501450 -0.025750 -0.004768 -0.002098 1.714160 -0.168803 0.191310 -0.530823 -0.909628
0.035668 -0.005531 -0.004005 1.546693 -0.132181 0.292782 0.031472 -0.501450 -0.025368 -0.004768 -0.002098 1.714160 -0.168803 0.191310 -0.530823 -0.909628
0.035668 -0.005531 -0.004005 1.546693 -0.132181 0.292782 0.031472 -0.501450 -0.025368 -0.004768 -0.002098 1.714160 -0.168803 0.191310 -0.530823 -0.909628
0.035668 -0.005531 -0.004005 1.546693 -0.132181 0.292401 0.031472 -0.495346 -0.025750 -0.004768 -0.002098 1.714160 -0.168803 0.191310 -0.530823 -0.909628
0.035668 -0.005531 -0.004005 1.546693 -0.132181 0.292401 0.031472 -0.464828 -0.025368 -0.004768 -0.002098 1.714160 -0.168421 0.191310 -0.530823 -0.909628
0.035668 -0.005531 -0.004005 1.546693 -0.132181 0.292401 0.031472 -0.418669 -0.025368 -0.004768 -0.002098 1.714160 -0.168803 0.191310 -0.530823 -0.910010
0.035668 -0.005150 -0.004005 1.547074 -0.132181 0.292401 0.031472 -0.369459 -0.025368 -0.004768 -0.002098 1.714160 -0.168803 0.191310 -0.530823 -0.910010
0.035668 -0.005531 -0.004005 1.546693 -0.132181 0.292401 0.031472 -0.338941 -0.025368 -0.004768 -0.002098 1.714160 -0.168803 0.191310 -0.530823 -0.910010
0.035668 -0.005531 -0.004005 1.546693 -0.132181 0.292401 0.031472 -0.316434 -0.025368 -0.004768 -0.002098 1.714160 -0.168803 0.191310 -0.530823 -0.910010
0.035668 -0.005531 -0.004005 1.546693 -0.132181 0.292401 0.031472 -0.306897 -0.025368 -0.004768 -0.002098 1.714160 -0.168421 0.191310 -0.530823 -0.910010
0.035668 -0.005531 -0.004005 1.547074 -0.132181 0.292401 0.031472 -0.301175 -0.025368 -0.004768 -0.002098 1.714160 -0.168803 0.191310 -0.530823 -0.910010
0.035668 -0.005531 -0.004005 1.546693 -0.132181 0.292401 0.031472 -0.300031 -0.025368 -0.004768 -0.002098 1.714160 -0.168803 0.191310 -0.530823 -0.910010
0.035668 -0.005150 -0.004005 1.546693 -0.132181 0.292401 0.031472 -0.300031 -0.025368 -0.004768 -0.002098 1.714160 -0.168421 0.191310 -0.530823 -0.910010
0.035668 -0.005531 -0.004005 1.546693 -0.132181 0.292401 0.031472 -0.300031 -0.025368 -0.004768 -0.002098 1.714160 -0.168803 0.191310 -0.530823 -0.910010
0.035668 -0.005531 -0.004005 1.546693 -0.132181 0.292401 0.031472 -0.300031 -0.025368 -0.004768 -0.002098 1.714160 -0.168421 0.191310 -0.530823 -0.909628
0.035668 -0.005531 -0.004005 1.546693 -0.132181 0.292401 0.031472 -0.300031 -0.025368 -0.004768 -0.002098 1.714160 -0.168803 0.191310 -0.530823 -0.908865
0.035668 -0.005150 -0.004005 1.546693 -0.132181 0.292401 0.031472 -0.300031 -0.025368 -0.004768 -0.002098 1.714160 -0.168803 0.191310 -0.530823 -0.906195
0.035668 -0.005531 -0.004005 1.546693 -0.132181 0.292401 0.031472 -0.300031 -0.025368 -0.004768 -0.002098 1.714160 -0.168803 0.191310 -0.530823 -0.892081
0.035668 -0.005531 -0.004005 1.546693 -0.132181 0.292401 0.031472 -0.300031 -0.025368 -0.004768 -0.002098 1.714160 -0.168803 0.191310 -0.530823 -0.842107
0.035668 -0.005531 -0.004005 1.546693 -0.132181 0.292401 0.031472 -0.299649 -0.025368 -0.004768 -0.002098 1.714160 -0.168803 0.191691 -0.530823 -0.764286
0.035668 -0.005531 -0.004005 1.547074 -0.132181 0.292401 0.031472 -0.300031 -0.025368 -0.004768 -0.002098 1.714160 -0.168803 0.191691 -0.530823 -0.675402
0.035668 -0.005531 -0.004005 1.546693 -0.132181 0.292401 0.031472 -0.300031 -0.025368 -0.004768 -0.002098 1.714160 -0.168803 0.191691 -0.530823 -0.577745
0.035668 -0.005531 -0.004005 1.546693 -0.132181 0.292401 0.031472 -0.299649 -0.025368 -0.004768 -0.002098 1.714160 -0.168803 0.191691 -0.530823 -0.480468
0.035668 -0.005531 -0.004005 1.547074 -0.132181 0.292401 0.031472 -0.300031 -0.025368 -0.004768 -0.002098 1.714160 -0.168803 0.191691 -0.530823 -0.399214
0.035668 -0.005531 -0.004005 1.547074 -0.132181 0.292401 0.031472 -0.300031 -0.025368 -0.004768 -0.002098 1.714160 -0.168803 0.191310 -0.530823 -0.351911
0.035668 -0.005531 -0.004005 1.546693 -0.132181 0.292401 0.031472 -0.300031 -0.025368 -0.004768 -0.002098 1.714160 -0.168803 0.191691 -0.530823 -0.329786
0.035668 -0.005150 -0.004005 1.546693 -0.132181 0.292401 0.031472 -0.300031 -0.025368 -0.004768 -0.002098 1.714160 -0.168803 0.191691 -0.530823 -0.322156
0.035668 -0.005531 -0.004005 1.546693 -0.132181 0.292401 0.031472 -0.300412 -0.025368 -0.004768 -0.002098 1.714160 -0.168803 0.191691 -0.530823 -0.321393
0.035668 -0.005531 -0.004005 1.547074 -0.132181 0.292401 0.031853 -0.311475 -0.025368 -0.004768 -0.002098 1.714160 -0.168803 0.191310 -0.530823 -0.320249
0.035668 -0.005531 -0.004005 1.547074 -0.132563 0.292401 0.033761 -0.348478 -0.025368 -0.004768 -0.002098 1.714160 -0.168803 0.191691 -0.530823 -0.317578
0.035668 -0.005531 -0.004005 1.546693 -0.132563 0.292401 0.035668 -0.401122 -0.025750 -0.004768 -0.002098 1.714160 -0.168803 0.191691 -0.530823 -0.315290
0.035668 -0.005531 -0.004005 1.546693 -0.133326 0.292401 0.036049 -0.463684 -0.025368 -0.004768 -0.002098 1.714160 -0.168803 0.191691 -0.531205 -0.314908
0.035668 -0.005531 -0.004005 1.546693 -0.133707 0.292401 0.036812 -0.507935 -0.025368 -0.004768 -0.002098 1.714160 -0.168803 0.191691 -0.530823 -0.314908
0.035668 -0.005531 -0.004005 1.546693 -0.134852 0.292401 0.037575 -0.534638 -0.025368 -0.004768 -0.002098 1.714160 -0.168803 0.191691 -0.530823 -0.314908
0.035668 -0.005150 -0.004005 1.546693 -0.134852 0.292401 0.038338 -0.548371 -0.025368 -0.004768 -0.002098 1.714160 -0.168803 0.191310 -0.530823 -0.314908
0.035668 -0.005150 -0.004005 1.546693 -0.134852 0.292401 0.039483 -0.553330 -0.025368 -0.004768 -0.002098 1.714160 -0.168803 0.191310 -0.530823 -0.315290
0.035668 -0.005531 -0.004005 1.546693 -0.134852 0.292020 0.039483 -0.556382 -0.025368 -0.004768 -0.002098 1.714160 -0.168803 0.191691 -0.530823 -0.317960
0.035668 -0.005531 -0.004005 1.546693 -0.134852 0.289731 0.039864 -0.556382 -0.025368 -0.004768 -0.002098 1.714160 -0.168803 0.191691 -0.530823 -0.319486
0.035668 -0.005150 -0.004005 1.547074 -0.135233 0.280194 0.039864 -0.556764 -0.025368 -0.004768 -0.002098 1.714160 -0.168803 0.191691 -0.530823 -0.319486
0.035668 -0.005531 -0.004005 1.546693 -0.135233 0.265316 0.040246 -0.556764 -0.025368 -0.004768 -0.002098 1.714160 -0.168803 0.191691 -0.530060 -0.320249
0.035668 -0.005531 -0.004005 1.546693 -0.135233 0.244717 0.040246 -0.556764 -0.025368 -0.004768 -0.002098 1.714160 -0.168421 0.191691 -0.527390 -0.322538
0.035668 -0.005531 -0.004005 1.546693 -0.135233 0.216106 0.040627 -0.556764 -0.025368 -0.004768 -0.002098 1.714160 -0.166896 0.196269 -0.520523 -0.322919
0.035668 -0.005150 -0.004005 1.546693 -0.135233 0.183680 0.041009 -0.556764 -0.025750 -0.004768 -0.002098 1.714160 -0.164225 0.201610 -0.509461 -0.322919
0.035668 -0.005150 -0.004005 1.546693 -0.134852 0.145914 0.041390 -0.556764 -0.025368 -0.005150 -0.002098 1.714160 -0.163462 0.207332 -0.499542 -0.322919
0.035668 -0.005150 -0.004005 1.546693 -0.134470 0.111200 0.041390 -0.556764 -0.025368 -0.005150 -0.002098 1.714160 -0.153925 0.207332 -0.489624 -0.322919
0.035668 -0.005531 -0.004005 1.546693 -0.132181 0.077630 0.041390 -0.556764 -0.025750 -0.004768 -0.002098 1.714160 -0.144388 0.207332 -0.477798 -0.322919
0.035668 -0.005531 -0.004005 1.546693 -0.131418 0.046349 0.041390 -0.556764 -0.025368 -0.005150 -0.002098 1.714160 -0.135996 0.207713 -0.469787 -0.322919
0.035668 -0.005531 -0.001717 1.546693 -0.131037 0.023842 0.041390 -0.556764 -0.025750 -0.005150 -0.002098 1.714160 -0.129511 0.208095 -0.457580 -0.322919
0.035286 -0.005531 0.002098 1.546693 -0.131037 0.012779 0.040246 -0.556764 -0.025368 -0.005150 -0.002098 1.714160 -0.126078 0.208858 -0.446517 -0.322919
0.035668 -0.005531 0.006676 1.546693 -0.131037 0.007439 0.039483 -0.556764 -0.025368 -0.004768 -0.002098 1.714160 -0.125315 0.208858 -0.432784 -0.322919
0.035286 -0.005150 0.011254 1.546693 -0.131037 0.006294 0.039483 -0.556764 -0.025368 -0.004768 -0.002098 1.714160 -0.124933 0.208858 -0.419051 -0.322919
0.034905 -0.005150 0.013924 1.547074 -0.131037 0.005913 0.039483 -0.556764 -0.025750 -0.005150 -0.002098 1.714160 -0.122644 0.208858 -0.399977 -0.322919
0.032998 -0.005150 0.013924 1.546693 -0.131037 0.003243 0.030709 -0.556764 -0.025368 -0.005150 -0.002098 1.714160 -0.122644 0.208858 -0.382048 -0.322919
0.032616 -0.005150 0.013924 1.547074 -0.131037 0.000572 0.013542 -0.556764 -0.025750 -0.004768 -0.002098 1.714160 -0.122644 0.209239 -0.364500 -0.322919
0.030327 -0.005150 0.013924 1.547074 -0.131037 -0.000191 -0.008583 -0.556764 -0.025750 -0.004768 -0.002098 1.714160 -0.122644 0.209239 -0.343137 -0.322919
0.030327 -0.005150 0.013924 1.546693 -0.130655 -0.000572 -0.038338 -0.556764 -0.025368 -0.005150 -0.002098 1.714160 -0.122644 0.209239 -0.321775 -0.322919
0.030327 -0.005150 0.013924 1.547074 -0.130655 -0.000572 -0.068093 -0.556764 -0.025750 -0.005150 -0.002098 1.714160 -0.122644 0.209621 -0.301175 -0.322919
0.030327 -0.005150 0.013924 1.546693 -0.130274 -0.000954 -0.103571 -0.557145 -0.025368 -0.005150 -0.002098 1.714160 -0.122644 0.209621 -0.278668 -0.322919
0.030327 -0.005150 0.013924 1.546693 -0.129892 -0.000954 -0.139811 -0.557145 -0.025368 -0.005150 -0.002098 1.714160 -0.122263 0.209621 -0.253491 -0.322919
0.030327 -0.005150 0.013924 1.546693 -0.130274 -0.000954 -0.175288 -0.556764 -0.025750 -0.005150 -0.002098 1.714160 -0.122263 0.209621 -0.224498 -0.322919
0.030327 -0.005150 0.013924 1.546693 -0.130274 -0.000954 -0.209621 -0.556764 -0.025750 -0.005150 -0.002098 1.714160 -0.122263 0.209621 -0.199702 -0.322919
0.030327 -0.005150 0.013924 1.546693 -0.130274 -0.000954 -0.246242 -0.556764 -0.025368 -0.005150 -0.002098 1.714160 -0.122644 0.210384 -0.171473 -0.322919
0.030327 -0.005150 0.013924 1.546693 -0.130655 -0.000954 -0.275998 -0.557145 -0.025750 -0.005150 -0.002098 1.714160 -0.122263 0.210384 -0.143244 -0.322919
0.030327 -0.005150 0.013924 1.546693 -0.130655 -0.000954 -0.299268 -0.557145 -0.025368 -0.005150 -0.002098 1.714160 -0.122263 0.210384 -0.119593 -0.322919
0.030327 -0.005531 0.013924 1.546693 -0.130655 -0.000954 -0.320249 -0.557145 -0.025368 -0.005150 -0.002098 1.714160 -0.122263 0.210384 -0.093652 -0.322919
0.030327 -0.005150 0.013924 1.546693 -0.130655 -0.000954 -0.333982 -0.557145 -0.025368 -0.005150 -0.002098 1.714160 -0.122644 0.210002 -0.072671 -0.322919
0.030709 -0.005150 0.013924 1.546693 -0.130655 -0.000954 -0.352293 -0.557145 -0.025750 -0.005150 -0.002098 1.714160 -0.122644 0.210384 -0.051690 -0.322919
0.030327 -0.005150 0.013924 1.546693 -0.130655 -0.000954 -0.372129 -0.556764 -0.025750 -0.005150 -0.002098 1.714160 -0.122644 0.210384 -0.029564 -0.322919
0.030327 -0.005531 0.013924 1.546693 -0.130655 -0.000954 -0.395781 -0.556764 -0.025368 -0.004768 -0.002098 1.715305 -0.122644 0.210384 -0.005531 -0.322919
0.030327 -0.005531 0.013924 1.546693 -0.130655 -0.000954 -0.418669 -0.556764 -0.025750 -0.005150 -0.002098 1.717212 -0.122644 0.210384 0.024224 -0.322919
0.030327 -0.005150 0.013924 1.546693 -0.130655 -0.000954 -0.438125 -0.557145 -0.025750 -0.004768 -0.002098 1.717975 -0.122263 0.210002 0.056649 -0.322919
0.030327 -0.005150 0.013924 1.546693 -0.130655 -0.000954 -0.457580 -0.556764 -0.025368 -0.005150 -0.002098 1.718738 -0.122263 0.210384 0.091745 -0.322919
0.030327 -0.005150 0.013924 1.546693 -0.130655 -0.000954 -0.476654 -0.557145 -0.025368 -0.005150 -0.002098 1.719120 -0.122644 0.210765 0.123026 -0.322919
0.030327 -0.005150 0.013924 1.546693 -0.130655 -0.000954 -0.491531 -0.557145 -0.025368 -0.004768 -0.002098 1.719501 -0.123026 0.210384 0.147822 -0.322919
0.030327 -0.005150 0.013924 1.546693 -0.130655 -0.000954 -0.505646 -0.557145 -0.025368 -0.004768 -0.002098 1.719501 -0.123026 0.210384 0.165751 -0.322919
0.030327 -0.005531 0.013924 1.546693 -0.130655 -0.000954 -0.515946 -0.557145 -0.025750 -0.004768 -0.002098 1.719501 -0.122644 0.210384 0.184825 -0.322919
0.030327 -0.005150 0.013924 1.546693 -0.130655 -0.000954 -0.528916 -0.557145 -0.025368 -0.004768 -0.002098 1.719501 -0.122644 0.210002 0.206950 -0.322919
0.030327 -0.005150 0.013924 1.546693 -0.130655 -0.000572 -0.535401 -0.557145 -0.025368 -0.005150 -0.002098 1.719501 -0.123026 0.210384 0.226406 -0.322919
0.030327 -0.005531 0.013924 1.546693 -0.130655 -0.000954 -0.538071 -0.556764 -0.025368 -0.005150 -0.002098 1.719501 -0.123026 0.210384 0.243954 -0.322919
0.030327 -0.005150 0.013924 1.546693 -0.130655 -0.000954 -0.539979 -0.557145 -0.025368 -0.004768 -0.002098 1.719501 -0.123026 0.210384 0.256542 -0.322919
0.030327 -0.005150 0.013924 1.546693 -0.130655 -0.000954 -0.540360 -0.557145 -0.025368 -0.005150 -0.002098 1.719501 -0.123026 0.210384 0.260357 -0.322919
0.030327 -0.005531 0.013924 1.546693 -0.130655 -0.000954 -0.540360 -0.556764 -0.025368 -0.004768 -0.002098 1.719501 -0.123026 0.210384 0.261120 -0.322919
0.030327 -0.005150 0.013924 1.546693 -0.130655 -0.000954 -0.540360 -0.557145 -0.025368 -0.004768 -0.002098 1.719501 -0.123026 0.210384 0.261120 -0.322919
0.030327 -0.005150 0.013924 1.546693 -0.130655 -0.000954 -0.540360 -0.556764 -0.025368 -0.004768 -0.002098 1.719501 -0.123026 0.210384 0.261501 -0.322919
0.030327 -0.005150 0.013924 1.546693 -0.130655 -0.000954 -0.540360 -0.557145 -0.025368 -0.004768 -0.002098 1.719501 -0.123026 0.210384 0.261883 -0.322919
0.030327 -0.005150 0.013924 1.546693 -0.130655 -0.000954 -0.540360 -0.556764 -0.025368 -0.004768 -0.002098 1.719501 -0.123026 0.210384 0.261883 -0.322919
0.030327 -0.005531 0.013924 1.546693 -0.130655 -0.000954 -0.539216 -0.557145 -0.025368 -0.004768 -0.002098 1.719501 -0.123026 0.210384 0.261501 -0.322919
0.030327 -0.005531 0.013924 1.546693 -0.130655 -0.000954 -0.529679 -0.557145 -0.025368 -0.004768 -0.002098 1.719501 -0.123026 0.210384 0.258831 -0.322919
0.030327 -0.005531 0.013924 1.546693 -0.130655 -0.000954 -0.508316 -0.556764 -0.025368 -0.004768 -0.002098 1.719501 -0.123026 0.210384 0.250820 -0.322919
0.029946 -0.005531 0.013924 1.547074 -0.130655 -0.000572 -0.470550 -0.557145 -0.025368 -0.004768 -0.002098 1.719883 -0.123407 0.210384 0.234798 -0.322919
0.029946 -0.005531 0.013924 1.547074 -0.130655 -0.000572 -0.423629 -0.557145 -0.025368 -0.004768 -0.002098 1.719883 -0.123407 0.210002 0.208476 -0.322919
0.030327 -0.005531 0.013924 1.547074 -0.130655 -0.000191 -0.370222 -0.557145 -0.025368 -0.004768 -0.002098 1.719883 -0.123407 0.210384 0.173762 -0.322919
0.030327 -0.005531 0.013924 1.547074 -0.130655 0.000191 -0.332456 -0.557145 -0.025368 -0.004768 -0.002098 1.720264 -0.123789 0.210384 0.139811 -0.322919
0.030327 -0.005531 0.013924 1.547074 -0.130655 0.000572 -0.296216 -0.557145 -0.025368 -0.004768 -0.002098 1.720264 -0.123407 0.210002 0.097086 -0.322919
0.030327 -0.005531 0.013924 1.547074 -0.130655 0.000572 -0.260739 -0.557145 -0.025750 -0.004768 -0.002098 1.720645 -0.123789 0.210002 0.049783 -0.322919
0.029946 -0.005531 0.013924 1.547074 -0.130655 0.000572 -0.229458 -0.557145 -0.025368 -0.004768 -0.002098 1.720645 -0.123789 0.210384 0.005150 -0.322919
0.029946 -0.005531 0.013924 1.547074 -0.130655 0.005531 -0.197414 -0.557145 -0.025368 -0.004768 -0.002098 1.721027 -0.123407 0.210002 -0.039101 -0.322919
0.030327 -0.005150 0.013924 1.547074 -0.130655 0.017357 -0.163844 -0.557145 -0.025750 -0.004768 -0.002098 1.721408 -0.123407 0.209621 -0.088312 -0.322919
0.030327 -0.005150 0.013924 1.547074 -0.130655 0.023461 -0.134089 -0.557145 -0.025750 -0.004768 -0.002098 1.721408 -0.123026 0.210384 -0.128367 -0.322919
0.030327 -0.005531 0.013924 1.547074 -0.130655 0.028038 -0.113107 -0.557145 -0.025750 -0.004768 -0.002098 1.721408 -0.123026 0.210384 -0.164607 -0.322919
0.030327 -0.005531 0.013924 1.547074 -0.130655 0.030709 -0.098230 -0.557145 -0.025750 -0.004768 -0.002098 1.721408 -0.123026 0.210384 -0.188258 -0.322919
0.030327 -0.005150 0.013924 1.547074 -0.130655 0.030709 -0.089837 -0.557145 -0.025750 -0.004768 -0.002098 1.721408 -0.122644 0.210384 -0.197795 -0.322919
0.030327 -0.005150 0.013924 1.547074 -0.130655 0.030327 -0.086786 -0.557145 -0.025750 -0.004768 -0.002098 1.721408 -0.122644 0.210384 -0.202754 -0.322919
0.030327 -0.005150 0.013924 1.547074 -0.130655 0.030709 -0.086023 -0.557145 -0.025750 -0.004768 -0.002098 1.721408 -0.122644 0.210384 -0.205425 -0.322919
0.030327 -0.005150 0.013924 1.547074 -0.130655 0.030709 -0.084878 -0.557145 -0.025750 -0.004768 -0.002098 1.721408 -0.122644 0.210384 -0.206950 -0.322919
0.030327 -0.005531 0.013924 1.547074 -0.130655 0.030327 -0.084497 -0.557145 -0.025750 -0.004768 -0.002098 1.721408 -0.122644 0.210384 -0.208095 -0.322919
0.030327 -0.005531 0.013924 1.547074 -0.130655 0.030327 -0.084115 -0.557145 -0.025750 -0.005150 -0.002098 1.721408 -0.122644 0.210384 -0.208476 -0.322919
0.030327 -0.005150 0.013924 1.547074 -0.130655 0.030327 -0.083734 -0.557145 -0.025750 -0.004768 -0.002098 1.721408 -0.123026 0.210384 -0.209239 -0.322919
0.030327 -0.005531 0.013924 1.547074 -0.130655 0.030709 -0.083734 -0.557145 -0.025750 -0.004768 -0.002098 1.721408 -0.122644 0.210384 -0.209239 -0.322919
0.030327 -0.005531 0.013924 1.547074 -0.130655 0.030327 -0.083734 -0.557145 -0.025750 -0.004768 -0.002098 1.721408 -0.122644 0.210384 -0.209239 -0.322919
0.030327 -0.005531 0.013924 1.547074 -0.130655 0.030709 -0.083734 -0.557145 -0.025750 -0.004768 -0.002098 1.721408 -0.122644 0.210384 -0.209239 -0.322919
0.030327 -0.005531 0.013924 1.547074 -0.130655 0.030327 -0.083734 -0.557145 -0.025750 -0.004768 -0.002098 1.721408 -0.122644 0.210384 -0.209239 -0.322919
0.030327 -0.005531 0.013924 1.547074 -0.130655 0.030709 -0.083352 -0.557145 -0.025750 -0.004768 -0.002098 1.721408 -0.122644 0.210384 -0.209239 -0.322919
0.030327 -0.005150 0.013924 1.547074 -0.130655 0.030327 -0.083734 -0.557145 -0.025750 -0.004768 -0.002098 1.721408 -0.122644 0.210384 -0.209239 -0.322919
0.030327 -0.005531 0.013924 1.547074 -0.130655 0.030709 -0.083734 -0.557145 -0.025750 -0.004768 -0.002098 1.721408 -0.122644 0.210384 -0.209239 -0.322919
0.030327 -0.005150 0.013924 1.547074 -0.130655 0.030709 -0.083734 -0.557145 -0.025750 -0.004768 -0.002098 1.721408 -0.122644 0.210384 -0.209239 -0.322919
0.030327 -0.005531 0.013924 1.547074 -0.130655 0.030709 -0.083734 -0.557145 -0.025750 -0.004768 -0.002098 1.721408 -0.122644 0.210384 -0.209239 -0.322919
0.030327 -0.005531 0.013924 1.547074 -0.130655 0.030709 -0.083352 -0.557145 -0.025750 -0.004768 -0.002098 1.721408 -0.122644 0.210384 -0.209239 -0.322919
0.030327 -0.005531 0.013924 1.547074 -0.130655 0.030709 -0.083352 -0.557145 -0.025750 -0.004768 -0.002098 1.721408 -0.122644 0.210384 -0.209239 -0.322919
0.030327 -0.005150 0.013924 1.547074 -0.130655 0.030327 -0.083352 -0.557145 -0.025750 -0.004768 -0.002098 1.721408 -0.122644 0.210384 -0.209239 -0.322919
0.030327 -0.005150 0.013924 1.547074 -0.130655 0.030709 -0.083352 -0.557145 -0.025750 -0.004768 -0.002098 1.721408 -0.122644 0.210384 -0.209239 -0.322919
0.030327 -0.005531 0.013924 1.547074 -0.130655 0.030709 -0.083734 -0.557145 -0.025750 -0.004768 -0.002098 1.721408 -0.123026 0.210384 -0.209239 -0.322919
0.030327 -0.005150 0.013924 1.547074 -0.130655 0.030709 -0.083734 -0.557145 -0.025750 -0.004768 -0.002098 1.721408 -0.122644 0.210384 -0.209239 -0.322919
0.030327 -0.005531 0.013924 1.547074 -0.130655 0.030709 -0.083734 -0.557145 -0.025750 -0.004768 -0.002098 1.721408 -0.122644 0.210384 -0.209239 -0.322919
0.030327 -0.005531 0.013924 1.547074 -0.130655 0.030709 -0.083734 -0.557145 -0.025750 -0.004768 -0.002098 1.721408 -0.122644 0.210384 -0.209239 -0.322919
0.030327 -0.005150 0.013924 1.547074 -0.130655 0.030327 -0.083734 -0.557145 -0.025750 -0.004768 -0.002098 1.721408 -0.122644 0.210384 -0.209239 -0.322919
0.030327 -0.005150 0.013924 1.547074 -0.130655 0.030327 -0.083734 -0.557145 -0.025750 -0.004768 -0.002098 1.721408 -0.122644 0.210384 -0.209239 -0.322919
0.030327 -0.005150 0.013924 1.547074 -0.130655 0.030709 -0.083352 -0.557145 -0.025750 -0.004768 -0.002098 1.721408 -0.122644 0.210384 -0.209239 -0.322919
0.030327 -0.005150 0.013924 1.547074 -0.130655 0.030327 -0.083734 -0.557145 -0.025750 -0.004768 -0.002098 1.721408 -0.122644 0.210384 -0.209239 -0.322919
0.030327 -0.005150 0.013924 1.547074 -0.130655 0.030327 -0.083734 -0.557145 -0.025368 -0.004768 -0.002098 1.721408 -0.122644 0.210384 -0.209239 -0.322919
0.030327 -0.005531 0.013924 1.547074 -0.130655 0.030709 -0.083734 -0.557145 -0.025750 -0.004768 -0.002098 1.721408 -0.122644 0.210384 -0.209239 -0.322919
0.030327 -0.005531 0.013924 1.547074 -0.130655 0.030327 -0.083352 -0.557145 -0.025750 -0.004768 -0.002098 1.721408 -0.122644 0.210384 -0.209239 -0.322919
0.030327 -0.005531 0.013924 1.547074 -0.130655 0.030709 -0.083734 -0.557145 -0.025750 -0.004768 -0.002098 1.721408 -0.122644 0.210384 -0.209239 -0.322919
0.030327 -0.005531 0.013924 1.547074 -0.130655 0.030327 -0.083734 -0.557145 -0.025750 -0.005150 -0.002098 1.721408 -0.122644 0.210384 -0.209239 -0.322919
0.030327 -0.005531 0.013924 1.547074 -0.130655 0.030327 -0.083734 -0.557145 -0.025750 -0.004768 -0.002098 1.721408 -0.122644 0.210384 -0.209239 -0.322919
0.030327 -0.005531 0.013924 1.547074 -0.130655 0.030709 -0.083352 -0.557145 -0.025750 -0.004768 -0.002098 1.721408 -0.122644 0.210384 -0.209239 -0.322919
