# Calibration waypoints (left_j0..j7 right_j0..j7)
-0.003243 0.091745 -0.075723 0.808156 1.712253 0.787556 -0.117304 -1.143854 -0.122644 -0.012779 -0.012398 0.969520 -0.062753 -0.041390 0.763142 -0.897803
-0.000191 0.091745 -0.014305 1.793889 1.659228 -0.087549 -0.195506 -1.143854 -0.303082 -0.010109 -0.012398 1.916342 -0.062753 -0.010491 0.108530 -0.897803
-0.324826 0.091745 -0.014305 2.023919 1.659228 -0.584993 -0.220302 -1.143473 0.010109 -0.010109 -0.012398 2.354658 -0.040627 -0.013161 -0.553330 -0.897803
-0.324826 0.091745 -0.014305 2.023919 1.595521 -0.213436 -0.219921 -1.143473 0.010109 -0.010109 -0.012398 2.354658 -0.040627 -0.013161 -0.194362 -0.897803
-0.718128 0.091745 -0.031472 2.181086 0.380903 -0.374037 1.023308 -1.143473 0.010109 -0.010109 -0.012016 2.354658 1.080148 -0.624666 0.093652 -0.897803
0.326734 0.091745 -0.688754 2.356565 -0.419051 -0.427443 0.321012 -1.143473 -0.333600 -0.065805 1.021019 2.445068 1.705386 -0.578889 -0.602922 -0.897803
0.359922 0.166896 -0.697910 1.644732 0.156596 -0.764286 -0.925650 -1.143473 0.087549 -0.173381 0.787175 1.717594 0.975242 -0.391585 -0.474746 -0.897803
0.210384 0.158122 -0.697147 1.074807 -0.396544 -0.648699 0.143244 -1.143854 -0.155833 -0.135615 0.787938 0.900473 -1.001946 0.576600 1.388762 -0.898184
0.210384 0.158122 -0.697147 1.074807 -0.396544 -0.648318 0.143244 -1.143854 -0.144770 -0.102426 0.774586 1.422713 -1.510834 -0.253109 1.580262 -0.897803
0.066567 0.158503 -0.697147 1.168269 0.537690 -0.295453 -0.836385 -1.143854 -0.153162 -0.102045 0.774205 1.422713 -2.089151 -0.206869 1.439879 -0.897803
0.066567 0.158503 -0.697147 1.170176 0.340467 -0.383192 -0.099374 -1.143854 -0.153162 -0.102045 0.774205 1.422713 -2.089151 -0.206869 1.439879 -0.897803
-0.254253 -0.018502 -0.350385 1.345655 0.307660 -0.527771 0.157740 -0.687610 0.348096 -0.169566 0.499924 1.377317 -1.658846 0.783742 0.850118 -0.898184
